[gd_scene load_steps=3 format=2]

[ext_resource path="res://assets/models/road_block.tscn" type="PackedScene" id=1]
[ext_resource path="res://Template1_2dCharacter/src/World/BounceBorder.tscn" type="PackedScene" id=2]

[node name="Bounds" type="Spatial"]

[node name="Borders" type="CSGBox" parent="."]
transform = Transform( 1, 0, 0, 0, 1, 0, 0, 0, 1, 0, -1.00325, 0 )
visible = false
use_collision = true
width = 18.2728
depth = 11.5196

[node name="BounceBorder" parent="." instance=ExtResource( 2 )]
transform = Transform( 9.78351, 0, 0, 0, 1, 0, 0, 0, 1, -0.46703, 0.77357, 6.63964 )
bounce_direction = Vector3( 0, 0, -1 )

[node name="BounceBorder2" parent="." instance=ExtResource( 2 )]
transform = Transform( 9.78351, 0, 0, 0, 1, 0, 0, 0, 1, -0.457832, 0.88947, -6.49256 )
bounce_direction = Vector3( 0, 0, -1 )

[node name="BounceBorder3" parent="." instance=ExtResource( 2 )]
transform = Transform( 1.16735, 0, 0, 0, 1, 0, 0, 0, 7.20969, 10.0309, 0.88947, 0.554322 )
bounce_direction = Vector3( -1, 0, 0 )

[node name="BounceBorder4" parent="." instance=ExtResource( 2 )]
transform = Transform( 1.16735, 0, 0, 0, 1, 0, 0, 0, 7.20969, -9.99168, 0.88947, 0.554322 )
bounce_direction = Vector3( -1, 0, 0 )

[node name="road_block" parent="." instance=ExtResource( 1 )]
transform = Transform( 0.993619, 0, 0.112787, 0, 1, 0, -0.112787, 0, 0.993619, 7.99057, -0.00325, 5.95407 )

[node name="road_block2" parent="." instance=ExtResource( 1 )]
transform = Transform( 0.996693, 0, -0.0812601, 0, 1, 0, 0.0812601, 0, 0.996693, 5.43617, -0.066435, 5.95407 )

[node name="road_block3" parent="." instance=ExtResource( 1 )]
transform = Transform( 0.999869, 0, 0.0161785, 0, 1, 0, -0.0161785, 0, 0.999869, 2.75442, -0.206256, 5.95407 )

[node name="road_block4" parent="." instance=ExtResource( 1 )]
transform = Transform( 0.997791, 0, -0.0664306, 0, 1, 0, 0.0664306, 0, 0.997791, 0.267583, -0.206256, 6.00296 )

[node name="road_block5" parent="." instance=ExtResource( 1 )]
transform = Transform( 0.999838, 0, -0.0179759, 0, 1, 0, 0.0179759, 0, 0.999838, -2.4126, -0.206256, 6.00269 )

[node name="road_block6" parent="." instance=ExtResource( 1 )]
transform = Transform( 0.998707, 0, 0.050837, 0, 1, 0, -0.050837, 0, 0.998707, -5.1548, -0.245005, 5.95407 )

[node name="road_block7" parent="." instance=ExtResource( 1 )]
transform = Transform( 0.999605, 0, -0.0281136, 0, 1, 0, 0.0281136, 0, 0.999605, -7.93295, -0.264297, 5.95407 )
